Symbol	Sample1	Sample2	Sample3	Sample4	Sample5	Sample6
IGLV8-61	0.363524433	0.09979477	0.102400164	0.424006975	0.362191654	0.459731739
IGLV7-46;IGLV7-43	0.443739119	0.257995714	0.379119652	0.423266137	0.356941771	0.409705661
IGLV2-18	0.209840511	0.15261304	0.154680721	0.127752988	0.124644096	0.164724511
IGLV3-9	0.281961533	0.130022966	0.06265178	0.06776565	0.078386677	0.043196575
IGKV2-28;IGKV2D-28	0.193381758	0.073217457	0.064021761	0.09958975	0.060901159	0.219699353
IGKV2D-24;IGKV2-24	0.110970396	0.094255555	0.039835989	0.138562433	0.164107081	0.155320657
IGKV2D-29	1.940724492	1.842945156	2.039189943	1.657908135	1.195994095	1.424645255
IGKV1-27	0.053120879	0.055582642	0.05148748	0.084221066	0.042945798	0.168900728
IGLV5-45	0.108737278	0.07497999	0.084393599	0.128265253	0.108316896	0.134750037
IGKV3D-11;IGKV3-11	0.976800203	1.068403883	1.227647177	0.955099242	0.811555051	0.959819469
IGHV3-49	0.113675537	0.093261351	0.083802125	0.077247224	0.080210694	0.074371113
IGKV6D-21;IGKV6D-41	0.014912017	0.012971379	0.011870303	0.017162113	0.01720946	0.008413142
IGHV6-1	0.394357077	0.471883016	0.448471775	0.359863921	0.331532627	0.373963885
IGHV3-15	0.31208161	0.343804555	0.385918435	0.344201761	0.274062695	0.324563525
IGHV2-26	1.00E-02	0.019763518	2.72E-06	0.025708663	2.72E-06	2.72E-06
IGHV3-74	0.476983356	0.695080122	0.473875184	0.421170567	0.358291977	0.446634613
IGKV3D-20	0.320807348	0.349623179	0.403878991	0.193658409	0.207063116	0.198559167
IGHV1-3	1.00E-02	0.004516567	0.005094453	0.031049699	0.01462966	2.72E-06
IGHV1-18	0.025648814	0.009524036	0.023363011	0.058434825	0.031832884	0.031455832
IGHV4-28	51.21899633	0.287418171	0.308008565	6.468441182	0.98165339	1.653388066
IGHV5-51	0.041398734	0.027796763	0.024423367	0.043959008	0.039670899	0.036326704
IGHV2-70D	1.00E-02	0.01642974	0.025052487	0.007896171	0.009782335	0.043265128
IGKV1-8;IGKV1-9	0.034982848	0.0430883	0.030509729	0.035890189	0.023620081	2.72E-06
C3orf85	0.060537513	0.03905238	0.034596058	0.009030532	0.023397778	0.024781301
IGKV2-29	0.099348626	0.055453577	0.058316232	0.056795593	0.046960849	0.059274251
PGP	0.052401104	0.021397162	0.019865456	0.03011336	0.020346124	0.023861847
NCF1B;NCF1	0.06925443	0.054836704	0.051063541	0.054967763	0.053636061	0.057703579
TMEM212	1.944997239	1.639957151	2.45869041	1.567309679	1.962409562	2.505454199
A2ML1	0.0418658	0.017029714	0.009024211	0.000807947	0.00227973	0.001158925
HMGB1P1;HMGB1	0.225110141	0.20118357	0.206948785	0.192160848	0.150877672	0.163817804
IGLL5	1.71842606	1.403725892	1.642925095	1.776756813	1.576533557	1.423436226
ZNF878	1.00E-02	0.073944025	0.305510284	2.72E-06	0.0134992	0.467724136
NACA	0.069223634	0.045417373	0.052454827	0.027447094	0.026429043	0.035944388
MASP2	57.20000465	61.38029462	62.50738879	18.6291738	17.460422	19.71668696
LEFTY2	2.675968127	0.823339083	1.884797889	3.391144177	2.757592215	3.300495432
CLIC1	0.089695931	0.032363191	0.098819072	0.027693172	0.022694142	0.02671775
QSOX1	0.276002123	0.25571519	0.265642149	0.538410399	0.442780386	0.489223464
DDX3X;DDX3Y;DDX5;DDX17	0.072021241	0.054867147	0.056931049	0.042136408	0.035616469	0.040781663
CCL21	0.066996582	0.019470268	0.021806785	0.024336636	0.026281079	0.029888703
APOL1	2.676541187	2.130394405	2.140080686	2.388925315	1.750563306	2.061314285
MYL12B;MYL12A	0.337346134	0.385666081	0.386560677	0.064428811	0.07406542	0.090666509
LECT2	4.143679709	0.674263828	0.265787242	3.613880659	3.335464509	3.617002983
ADAMDEC1	0.043371832	0.019583151	0.018103659	0.046298388	0.043282321	0.0389632
VGF	1.00E-02	2.72E-06	2.72E-06	2.72E-06	0.007044992	0.005226308
CHAD	0.281748956	0.253476573	0.252396531	0.37633557	0.338844517	0.379779865
GPR37	0.033031755	0.024142584	0.019554825	0.029902009	0.02065639	0.020027029
KRT86	0.242701067	0.003533722	0.017238493	0.004306557	0.006224633	0.011691834
CD5L	1.755064034	1.562753236	1.841181005	1.812563205	1.42868119	1.686303638
VEGFD	0.035571193	0.005831067	0.045171132	0.061511418	0.034587117	0.048764426
AQR	0.116853945	0.186822219	0.014255559	0.093525825	0.100779275	0.110362904
TPST1	0.031799979	0.016719482	0.009212084	0.022185564	0.017522623	0.016199906
H2BC12;H2BC12L;H2BC5;H2BC10;H2BC18;H2BC9;H2BC15;H2BC14;H2BC13	0.699202638	0.566036179	0.547966785	0.436954527	0.311798814	0.394897361
ZG16	0.034207766	0.021812324	0.029636802	0.120752214	0.130049785	0.144101191
GGCT	0.211564279	0.079670223	0.076295161	0.01969756	0.045591313	0.037460279
CILP	0.028601877	0.011480904	0.009194258	0.024044198	0.020489396	0.048307221
PDCD6	0.659635394	0.589830842	0.582441812	0.185538174	0.156450856	0.161155382
BANF1	0.041564681	0.027470175	0.021144761	0.005397997	0.006339068	0.006241187
FCN3	0.967022952	1.111755744	1.119356755	0.869526035	0.780047933	0.972352273
ATP6AP2	0.0669921	0.024033052	0.058475879	0.02569594	0.020752337	0.028267349
IDH1	0.129157891	0.042739446	0.029614432	0.099643343	0.040459951	0.047767058
KRT33A	1.00E-02	2.72E-06	0.479780251	2.72E-06	2.72E-06	0.23381427
STC2	1.00E-02	0.032779915	0.031068477	0.032140647	0.040744637	0.044677331
ECM2	0.320966605	0.308867223	0.271422413	0.114549884	0.117968297	0.132020454
UBR5	1.00E-02	2.72E-06	0.005310135	0.019504587	0.005783612	0.006403274
PRSS23	0.018726163	0.012374907	0.004218602	0.008553589	0.012631162	0.011082509
APOL3	0.181764926	0.082769053	0.198502476	0.108238206	0.072317962	0.120726107
PAPLN	0.024847001	0.006483605	0.003124759	0.010297106	0.012424177	0.008900994
APOM	0.64826012	0.610558849	0.867852368	0.472674827	0.467898671	0.536659151
CAVIN2	0.080097592	0.022556622	0.035376148	0.038662119	0.026865443	0.035791341
CP	0.221869046	0.191882166	0.207272944	0.260665574	0.218327498	0.20734253
F8	0.042975338	0.028440951	0.023744562	0.121355822	0.097778864	0.104783266
F13A1	0.106736035	0.065049489	0.071504605	0.031680816	0.031093533	0.027612886
PNP	0.075514704	0.007983265	0.013768658	0.016381696	0.020198266	0.013463081
PGK1	0.044714458	0.036645956	0.038188669	0.016729194	0.013580753	0.018920663
LALBA	0.441342636	0.470334323	0.031647325	0.59209057	0.508180763	0.715793051
F2	4.005518545	4.281759017	4.478994848	2.306433004	2.361910596	2.483130926
C1R	2.022525301	2.028282921	2.022306377	1.058111066	0.977433453	1.100324611
HP	0.564917921	0.477507924	0.515234575	0.676755647	0.612260832	0.496650235
HPR	0.521527402	0.537248934	0.54278899	0.487088807	0.457745192	0.512776743
F9	1.084339788	0.98143426	0.795674533	0.720416898	0.587102431	0.604274395
F10	1.94772016	1.828669921	1.907655489	1.828296939	1.596924401	1.744042101
CFD	1.141824154	1.240865445	0.966400036	7.945979271	6.890395197	8.057109714
PLG	1.463496653	1.254264766	1.411697102	3.184565855	2.900465641	3.552026497
F12	0.294002964	0.238182946	0.332691842	0.732895834	0.778717548	0.848690035
PLAT	0.059497561	0.053078993	0.040891775	0.08378167	0.085074702	0.100233681
CFB	0.116335871	0.083530617	0.098421792	0.298526364	0.278657974	0.29253717
SERPINC1	0.119896955	0.088955388	0.12434296	0.162279099	0.138640711	0.184805852
SERPINA1	1.653598327	1.345579757	1.461677002	1.455773447	1.407805562	1.219212094
SERPINA3	0.483573732	0.360045497	0.42937733	0.478194424	0.437112239	0.396618632
AGT	0.510726919	0.433725874	0.534955837	0.544349751	0.375972922	0.427759484
A2M	1.398883818	1.202568626	1.038380448	1.537612599	1.364978601	0.700758741
C3	0.761785222	0.656809432	0.803084156	1.325119132	1.058107047	1.373873566
C5	0.147579675	0.12658906	0.139642698	0.234416459	0.204760892	0.238175034
CST3	0.140144355	0.324700505	0.209264834	0.284996879	0.278689202	0.389942619
CSTA	2.281706231	1.940332431	1.999781585	0.251790823	0.220104681	0.191776745
KNG1	65.6985302	62.59288105	64.84666568	283.6396555	222.8270199	288.0387942
TGFB1	0.152533899	0.029992959	0.11141381	0.096816394	0.256444522	0.333657956
GCG	0.084668071	0.047017203	0.045303402	0.021778245	0.018462345	0.018923562
NPY	0.027581767	0.017228533	0.00637298	0.008215287	0.007723043	0.006357917
IGF2	0.778144116	0.910972456	0.760782946	0.825452557	0.699250496	0.894291234
JCHAIN	3.804533296	3.935321922	4.221363708	5.447468049	3.356816982	4.038646607
IGKV1D-33;IGKV1-33	0.080724551	0.044835159	0.062074372	0.075235047	0.072780255	0.049275654
IGKV1-39;IGKV1D-39	3.063626564	0.094427396	0.299634027	0.361126714	0.127458923	0.509231668
IGKV1-17	0.09917253	0.126924114	0.15654375	0.293090413	0.394325488	0.403402096
IGKV1-5	0.47153663	0.413892012	0.420670517	0.489001677	0.262211444	0.259566651
IGKV3-20	2.268551197	3.509637924	2.66737398	2.283673884	2.29732957	2.522167992
IGKV3-15	1.085482887	1.180717903	1.266614627	1.739865721	1.02212424	1.748125963
IGLV1-47	0.314767314	0.561305243	0.267683076	0.219343825	0.24867843	0.293732227
IGLV2-14	0.077493971	0.111008243	0.104652601	0.09636622	0.091615849	0.091771206
IGLV3-19	0.080628618	0.064177671	0.045228221	0.150930339	0.059433266	0.068129579
IGLV3-25;IGLV3-27	0.090264229	0.040589972	0.044391063	0.104200056	0.067536595	0.056210483
IGHV1-69	0.030883533	0.037860707	0.022233692	0.05728118	0.013124886	0.062388345
IGHV1-46	0.0127209	0.016533685	2.72E-06	0.022342241	0.013933398	0.013419543
IGHV3-7	0.439435751	0.460572435	0.447942649	0.439343191	0.334849988	0.323300656
IGKC	31.1444397	32.93826635	31.40247905	31.25702152	29.79043214	28.62583062
IGHG1	12.24809724	12.0427849	12.04884678	15.68052449	14.37600453	12.70236585
IGHG2	7.367803186	9.006788033	7.298256503	8.265125409	6.902501965	6.975977668
IGHG3	0.1691789	0.112164121	0.126368143	0.186222941	0.167452268	0.164488665
IGHG4	0.266322409	0.104921528	0.169620829	0.179420537	0.275215824	0.240545197
IGHM	46.94366522	51.70920474	45.88337113	52.41014564	42.92083821	51.40740362
IGHA1	4.374029579	5.126933284	4.554357719	4.291547931	3.940528376	3.948655975
IGHA2	3.641211722	4.164222932	4.786477985	3.527262525	2.685423283	3.165791808
IGHD	0.040224715	0.026711435	0.035757341	0.074111304	0.074570224	0.090025881
HLA-B	0.364928747	0.400147794	0.407168687	0.155047028	0.150155269	0.181692193
HBD	0.09987395	0.090909664	0.105991392	0.023496456	0.023164856	0.046044439
COL1A1	0.032284273	0.001772991	0.014578826	0.010970684	0.022241027	2.72E-06
KRT14	1.948176338	1.529513629	1.268687785	0.559208965	1.219950239	0.384784244
KRT6A	6.101899006	5.853368972	5.461226404	1.686782033	5.303034649	1.433079801
LMNA	0.426590241	0.059859197	0.085102412	0.026410581	0.0173913	0.014509836
APOA1	236.0025386	247.3213627	224.2709284	188.2229422	144.5208396	179.7460236
APOE	692.5277055	643.0113372	634.9543811	760.4016384	573.7272291	723.2769003
APOA2	29.18543687	38.32500158	33.8076537	18.42339604	15.44532781	25.85459288
APOC1	17.89744754	21.07969398	16.92629725	39.7648553	32.45390901	38.21458863
APOC2	13.19261722	21.1977669	19.67861343	10.70852129	9.987799262	10.73850144
APOC3	32.09692474	31.89885576	33.10154598	23.99316217	21.08201958	23.06302259
FGA	168.850804	172.9888711	151.216367	139.8877736	107.6511952	124.4630504
FGB	258.6752913	333.8497667	247.6594004	187.620569	154.9827167	184.6764966
FGG	178.4279751	206.4969121	166.277935	140.9176993	122.1572774	129.7090385
SLC4A1	0.27787063	0.218840993	0.256321373	0.036739013	0.028597498	0.047118454
APCS	0.291326362	0.291297999	0.308535608	0.184646737	0.186495898	0.191716196
C1QA	0.299385316	1.263772995	1.57208469	0.549253327	0.694608989	0.949883538
C1QB	0.393512705	0.452590979	0.640250701	1.554078022	1.401268527	1.722148241
C1QC	0.206132183	0.330661671	0.435881254	1.016743619	0.97787576	1.076465752
C9	1.377281747	1.461748756	1.608809519	1.675422042	1.48136595	1.751230355
APOH	0.282020397	0.281649289	0.317258675	0.600686966	0.735126792	0.75304986
LRG1	0.059075683	0.003081388	0.042296048	0.016410243	0.021119713	0.011321
FN1	2.964501295	3.533071109	3.725104724	3.493597703	3.18366151	3.715022197
RBP4	0.065381667	0.077039095	0.105611832	0.058234633	0.097517864	0.067222029
AMBP	1.043199797	0.871966745	0.961619552	1.334505544	1.383302743	1.25961453
ORM1	0.077689565	0.035835103	0.033335842	0.109663716	0.178227815	0.022988142
AHSG	2.115434606	2.100766968	2.442624583	2.615532456	2.366480382	3.161718629
TTR	11.99010694	11.16540789	14.18351451	6.781064382	5.721955444	7.398849865
ALB	44.61266376	32.61458254	41.0879196	53.38119464	48.53377223	42.79639833
GC	0.304498419	0.234008311	0.325037479	0.424266714	0.340474238	0.413717477
PPBP	1.474920125	1.217018089	1.478127138	4.789217609	4.579433412	4.524067067
PF4	19.09696045	23.54747465	16.44332164	22.07762965	19.46611797	24.23490795
TFRC	0.176239991	0.169551849	0.156607405	0.075067199	0.06087244	0.078345538
TF	0.165464086	0.125804491	0.13350598	0.259851016	0.330805134	0.106825881
LTF	0.392796269	0.352341118	0.380891065	1.717876539	1.351187438	1.573064851
HPX	6.054827886	5.984359241	7.029642402	6.539998817	6.248121371	7.040699319
PRH2	0.117264828	0.005035296	0.016718199	0.013108006	0.008984685	0.004182396
ANG	2.329472894	2.401107698	2.001457516	6.514631895	4.792171592	5.407684315
F11	1.881105594	1.999874646	2.185651408	24.44318132	21.81525853	29.67490775
KLKB1	0.391991619	0.353024401	0.349291532	2.655245977	2.208408707	2.678585423
MMP1	0.036186237	0.00810094	0.008150883	0.040627434	0.014739792	0.021454668
C4BPA	1.082502399	1.16286253	1.171267291	1.381161981	1.187634012	1.355315091
VTN	1403.753115	1326.443393	1341.397279	1218.479806	1086.39443	1156.713402
CAT	0.19744193	0.16434706	0.142762623	0.0491863	0.056329857	0.050186192
GBA1	0.057436408	0.032866408	0.023887579	0.006726382	0.006797202	0.006275949
PROC	0.402205114	0.414326627	0.401380859	0.305122622	0.258691916	0.289373922
ALDOA	0.098976204	0.083018442	0.093904489	0.036137403	0.031187317	0.030838381
ANXA1	0.156013852	0.026637402	0.064008301	0.010455732	0.014333094	0.00861964
APOB	8.872615702	10.24388062	10.21584945	6.94420847	8.003790297	7.457505522
PRNP	0.070859032	0.028782942	0.047745715	0.111234011	0.095249003	0.106659469
LCAT	0.123286023	0.125475459	0.119346482	0.048070797	0.048318024	0.064132587
HRG	53.04638869	63.27389489	59.07830628	125.3535325	145.6234408	158.316348
A1BG	0.055867737	0.047602385	0.050986618	0.05877533	0.073780006	0.057457384
KRT6B	26.85548248	29.7388386	28.96118042	7.489796044	32.55527874	6.579417501
KRT1	42.50258999	32.37209748	25.02658527	12.53053483	15.7202188	9.148954702
VWF	0.238634484	0.284335	0.20477479	0.169641039	0.165060895	0.16474464
SHBG	0.330283292	0.282765146	0.389039263	0.300025323	0.231987239	0.283516675
GAPDH	5.548369407	5.811066037	4.740339214	3.661897163	2.879157034	3.135440995
IGKV1-16	1.00E-02	0.002596843	0.000810985	0.048775841	0.127388233	0.114209308
HLA-A	0.508107873	0.421309114	0.460377858	0.294733473	0.246903122	0.31110356
CAPNS1	0.072295827	0.042957402	0.047645781	0.032017442	0.023800847	0.03103326
HSPB1	0.165899593	0.143021202	0.119095634	0.032249476	0.042645927	0.036181076
GNAI2	0.335741292	0.120508964	0.184920674	0.052948041	0.110401615	0.149514465
H2AC8;H2AC17;H2AC7;H2AC25;H2AC6;H2AC12;H2AC14;H2AJ	2.575867712	2.339947515	1.514164766	1.417094939	1.007559199	1.005510172
IGF1	0.299207211	0.293285257	0.302063831	0.849810452	0.569281918	0.732052676
ARG1	0.262824667	0.252461893	0.177160811	0.046740464	0.062889159	0.035514375
APOD	6.706290647	5.92856462	6.544724342	2.291793628	2.074132212	2.439199895
ITGB3	0.503641195	0.369656423	0.43268585	0.129258896	0.095294278	0.111293632
S100A8	1.325509411	1.227817098	1.375356242	0.527087704	0.479749055	0.544186598
SERPINE1	0.125535234	0.108852943	0.12306247	0.087968837	0.081120769	0.097457058
SLC25A5;SLC25A6	0.053819324	0.011658765	0.011780285	0.013615954	0.005851498	0.005311207
SERPINA5	3.963183426	3.563656409	4.279906072	14.09511878	12.61858604	14.01710536
SERPING1	2.842131713	2.919970936	2.959975999	2.648957872	2.381438381	2.595836984
CFI	0.221810365	0.166576995	0.243917885	0.573031132	0.489068404	0.608090721
F13B	0.027092908	0.014266927	0.003328456	0.033910102	0.040111098	0.019693396
MPO	0.3888137	0.371371488	0.360610721	0.598139523	0.496239056	0.612757667
CLEC3B	0.207004817	0.172111414	0.18478085	0.247701518	0.206184995	0.238615342
SSB	0.0298065	0.02620457	0.018073718	0.004022207	0.001553919	0.01984914
SERPIND1	0.755582228	0.650665313	0.857770858	0.632140455	0.560241233	0.665226428
IGKV4-1	0.321717641	0.271749394	0.263390944	0.301651641	0.203768995	0.246057617
IGHV4-34	0.351459953	0.232525138	0.402183555	0.485045084	0.365963643	0.536994565
GSN	5.228500397	5.095790315	4.898773221	4.668521664	3.86004978	4.369178902
ATP5F1B	0.219790339	0.242470239	0.218774641	0.10887297	0.092219774	0.111083819
C2	0.140702869	0.097061509	0.155335924	0.326983968	0.324790605	0.360895746
S100A9	0.936297535	0.64941338	0.57046468	0.18757189	0.217210482	0.193053783
S100A6	0.035790285	0.018061282	0.01589325	0.008544384	0.005660043	0.00563357
APOA4	24.68813335	26.02084728	26.02027061	15.40037721	10.85004699	15.15771333
ENO1	1.206026945	1.198014305	1.191566206	0.938704536	0.833494534	0.944176931
LPL	0.706310693	0.666459465	0.594134409	0.393523216	0.359225718	0.378091653
SERPINE2	0.050451324	0.038100889	0.038988847	0.082565529	0.071955358	0.081622922
LDHB	0.027335139	0.021120389	0.012332151	2.72E-06	0.005455593	0.008572241
GPX1	0.495325446	0.335873731	0.38864841	0.343412126	0.268189876	0.327874938
PROS1	0.807535708	0.870492361	0.957047964	0.580740936	0.588454308	0.637290742
P4HB	0.023295001	0.010981448	0.020785032	0.010390207	2.72E-06	0.009511719
ASGR2	0.022921289	0.004333395	0.008261642	0.007813549	0.012604401	0.015161856
CTSD	0.438497196	0.385191968	0.269685142	0.068468144	0.074808787	0.06523978
ANXA2	0.398776701	0.299324791	0.281970924	0.076395204	0.080817109	0.059112602
C8A	0.109605389	0.134538775	0.161457366	0.348446271	0.32855314	0.435492518
C8B	0.821333519	0.734099809	0.865336516	3.027442001	2.562508983	3.027162226
GP1BA	0.128371591	0.072894941	0.079659809	0.043781089	0.032187872	0.037148393
C8G	0.146742958	0.142232553	0.154521881	0.517231787	0.554100308	0.585880208
CAPN1	0.150428238	0.139774415	0.155963548	0.077047568	0.072588747	0.072438441
TUBB	0.184626322	0.171518989	0.17261491	0.07940525	0.059725987	0.069314832
PRSS1	4.293937043	0.21491444	0.290814034	0.46916906	0.281995881	0.469571684
DCN	0.347749579	0.382976963	0.36963772	2.72E-06	0.001457288	2.72E-06
PFN1	0.362936781	0.306625611	0.399193564	0.14559171	0.118346878	0.135659431
CTSB	0.025044381	0.009542481	0.003444087	2.72E-06	2.72E-06	2.72E-06
HNRNPC	0.053715284	0.052553255	0.045447619	0.092183731	0.09244036	0.104043493
THBS1	0.541348314	0.56791041	0.611845233	0.415989526	0.339457998	0.391719586
RNASE1	0.017295803	0.002711361	0.001342788	0.01855503	0.007072271	0.022400078
COL1A2	0.062968054	0.005795273	0.046300415	2.72E-06	0.044082627	1.54E-05
SERPINA6	0.029980086	0.003437713	0.027740439	0.025012183	0.030852383	2.72E-06
HSP90AB1	0.046675262	0.03142304	0.042402995	0.019966872	0.006891369	0.017864932
ELANE	0.119500645	0.069289563	0.074422756	0.076297191	0.034151369	0.05208006
MMP2	0.440970618	0.44152785	0.405683295	0.183775505	0.153238368	0.14647725
MMP3	0.133176913	0.134438716	0.108598955	0.055557539	0.047126127	0.06123513
SOD3	0.066434908	0.03447127	0.046949934	0.021766312	0.023325642	0.026369682
CTSG	0.159522879	0.135137527	0.134519527	0.117165144	0.078428785	0.091079711
ADH4	0.188912795	0.167499201	0.169010765	0.160883355	0.135612696	0.149194684
MGP	4.711633682	7.213287509	5.652407706	5.434510617	5.347940412	4.872194653
ITGA2B	0.479767628	0.501166946	0.549589856	0.139812582	0.124256149	0.161813622
LPA	0.199314564	0.21955008	0.168077157	0.143146975	0.184717061	0.141472219
PLEK	0.174942389	0.152746131	0.181415771	0.174171258	0.159375386	0.186857538
CD14	0.311689769	0.283160393	0.213663326	0.276754859	0.177280414	0.218456515
COL4A2	1.00E-02	2.72E-06	2.72E-06	0.015589648	0.018844032	0.020077661
CFH	1.082844643	1.211300425	1.291961902	3.169409289	2.583663054	2.978447189
VIM	0.129613968	0.117921403	0.104267432	0.083594054	0.052918361	0.070973274
SERPINF2	0.317405963	0.313255867	0.347557342	0.3065373	0.297219246	0.282884768
F7	0.138300702	0.115769238	0.112126155	0.110671068	0.086458241	0.094982439
KRT16	0.626902756	0.71167488	0.596160485	0.263195957	1.452115743	0.113169281
IGFBP1	0.276687404	0.098596117	0.073481357	0.246548945	0.23728718	0.160981942
DBH	1.062689298	0.848715253	0.514029213	0.369428839	1.261040873	1.654862874
GSTP1	0.041305301	0.029317948	0.021047988	0.010815171	0.003824265	0.008119193
MMP7	0.095846472	0.063596738	0.028360516	0.035712644	0.023194799	0.020777899
LGALS1	0.04263752	0.029364904	0.023722952	0.025423625	0.020944294	0.018417952
SPARC	0.041730451	0.033785885	0.025469446	0.009799485	0.013569378	0.013635991
INHBB	0.033859205	0.010470057	0.020002448	0.066191849	0.078272807	0.106637109
HNRNPA1	0.066994555	0.014835143	0.01067742	0.070246943	0.059186454	0.055867035
CTSH	0.03765849	0.025929726	0.0218904	0.036574028	0.037898341	0.062116607
C1S	1.292492564	1.203230553	1.528757609	0.530684774	0.487026975	0.587332411
C4A	1.848226706	1.788897676	1.888608679	2.966666553	2.679612166	3.048531304
C4B_2	0.581370889	0.667945395	0.562201071	0.628540336	0.514385563	0.591677231
UBB;UBC;RPS27A;UBA52	1.078165609	0.979473566	1.07786181	0.235672009	0.220125369	0.224695379
SAA1	3.476621987	3.945366899	3.379495333	2.650422775	2.089784111	2.38754306
SAA2	1.446226729	1.671867694	1.550532652	1.606608432	1.457933163	1.541946669
HSPA1A;HSPA1B	0.282693555	0.263950565	0.284837408	0.146553101	0.150672874	0.136222556
IGLC2;IGLC3	17.92245466	13.00688318	11.6177319	17.69194465	13.02530528	13.25187296
CALM1;CALM2;CALM3	0.118498168	0.08500716	0.127103859	0.024101493	0.01926479	0.020252415
SLURP2	0.045389014	0.022377274	0.0287773	2.72E-06	2.72E-06	2.72E-06
SRGN	2.301852658	2.997175024	2.804049431	0.221537988	0.194615638	0.227338112
PRB4	0.025433689	2.72E-06	0.003040584	2.72E-06	2.72E-06	2.72E-06
HLA-C	0.218849849	0.204706521	0.196189593	0.102977926	0.073099207	0.110469182
SPP1	0.159922487	0.054316868	0.164417824	0.132872399	0.067064438	0.083289295
TXN	0.362523494	0.299683512	0.218241075	0.088556314	0.119339618	0.068629647
C7	0.405996663	0.351110649	0.442189921	1.177133007	1.056489711	1.19572565
CHGA	0.076643151	0.050270989	0.044081989	0.077153937	0.070384982	0.057688682
TFPI	0.92264299	0.807447009	0.796271817	0.579107914	0.475351295	0.536745398
HSPD1	0.098810406	0.007110549	0.009308508	0.045873378	0.005823036	0.038697768
CLU	126.1089258	134.540113	129.7056129	59.21157939	46.07263953	62.33315457
HSPA5	0.166161453	0.152719263	0.165076766	0.101177477	0.106383223	0.107773587
HSPA8	0.164443986	0.177747975	0.174520794	0.05798267	0.070548531	0.073484763
SLC2A1	8.168367727	7.939040522	7.080756616	1.604262528	1.89397723	1.974467521
SLC2A3;SLC2A14	0.104389858	0.066312507	0.06723507	0.013595355	0.010924204	0.021444408
MBL2	0.146957635	0.069296188	0.163894127	0.134737171	0.074135417	0.082701806
CETP	0.327116095	0.315983377	0.436621443	0.396180704	0.390797845	0.352019117
SCGB1A1	1.00E-02	2.72E-06	2.72E-06	2.72E-06	2.72E-06	2.72E-06
KRT3	0.070822317	0.066168722	0.050008658	0.017513988	0.024466611	0.010635617
COL6A3	0.043176199	0.039404357	0.033203702	0.026369727	0.024148985	0.025581938
F5	22.4477886	23.9604104	23.39862951	9.546014191	8.156901182	9.071756073
PIP	0.113060387	0.077512595	0.095166877	0.033273124	0.034068137	0.028888409
RNASE3	0.108798068	0.114867823	0.082806154	0.138845521	0.122579246	0.12108972
ACTN1	2.498384015	2.325048462	1.882317817	0.704746764	0.506734601	0.553239989
CDH1	7.826960025	8.666503348	9.841362025	7.870130618	6.164486253	9.694741961
DEFA4	0.020120385	0.015279034	0.021452886	0.013668479	0.009520556	0.014663087
GP1BB	0.322798503	0.349008064	0.345916383	0.069670363	0.062513064	0.080854551
BMP1	0.508767158	0.528346683	0.519675709	0.37170965	0.274631681	0.335982472
CYBA	0.029356581	0.005877049	0.00764192	0.006295991	2.72E-06	0.002530295
ICAM2	1.00E-02	0.02159794	0.033006953	0.018371186	2.72E-06	0.027785119
VCAN	0.323445407	0.370807743	0.321516217	0.286862985	0.260786096	0.369388626
KRT10	37.21802672	27.09502361	19.39340862	9.264842193	8.754624199	7.959805235
KRT13	8.510590802	6.684603265	3.395388128	2.985261982	1.757315128	2.291800157
KRT5	3.297944817	3.042401377	2.137006388	0.934759666	1.290945654	0.645530969
C6	1.069680397	1.107162272	1.23624661	2.538796321	2.532559202	2.73236249
ACP5	0.054210678	0.048947394	0.052687987	0.106219754	0.095823811	0.111255369
LCP1	0.091915425	0.079684021	0.086080393	0.057110306	0.041449645	0.04887423
ENO3	0.065544545	0.034334229	0.047593759	0.035455082	0.033063009	0.030742049
CD99	0.068534235	0.014697412	0.014726657	0.039118154	0.015660109	0.014285407
NID1	0.032003228	0.013198758	0.01112296	0.003910255	0.003676815	0.002727509
PKM	0.336963467	0.291961814	0.297854264	0.214993051	0.196562829	0.214442794
HSP90B1	0.094179505	0.074553449	0.106466147	0.108149207	0.078909324	0.087734743
JUP	0.538003399	0.322251178	0.248148104	0.101291526	0.120986859	0.07515353
RAC2	0.770028637	1.343701446	0.565624748	0.589467455	0.479107055	0.535281371
CPN1	5.708836292	5.475522228	5.737121799	4.503225967	3.826650538	4.559385847
B4GALT1	0.03677982	0.008556112	0.020781326	0.020761081	0.017675546	0.021474964
ELN	0.04863013	0.035037814	0.035773815	0.041835022	0.027532369	0.0352408
IGLL1	8.824123134	17.59628175	9.898676166	11.72764881	10.68932022	10.25139381
ST6GAL1	0.416946749	0.52596687	0.529260474	0.489907965	0.500238595	0.56931839
DSP	0.949480426	0.753514639	0.592863395	0.205531348	0.303174469	0.156633262
TIMP2	0.049895541	0.035928663	0.055736459	2.72E-06	2.72E-06	0.011023921
PECAM1	0.076142179	0.070382411	0.072364418	0.013814587	0.01714099	0.021064736
H1-5	0.473239008	0.146208621	0.510422816	0.354889152	0.386719084	0.37050193
H1-3	0.477976336	0.421958758	0.447233311	0.389834081	0.430979161	0.419668333
STMN1	0.011170272	0.001070028	0.000863002	0.001261969	0.001568151	0.002033248
BPI	0.034906451	0.030010753	0.026065278	0.02749969	0.023202208	0.021183414
LGALS3	0.02537214	0.020009626	0.017176157	2.72E-06	0.010190617	0.022322105
IGFBP3	4.639723173	3.929784824	3.820283701	10.40590132	7.615629526	7.652856575
TCP1	21.13695697	12.96440315	11.54692668	13.95458259	12.93344772	13.71510642
IGFBP2	0.225379924	0.255553245	0.248788052	0.977732115	1.087415868	1.217277125
VCL	0.130590818	0.10291872	0.111558085	0.032140137	0.02561499	0.033788228
LBP	1.717529621	1.723583974	1.805092894	3.451190223	3.086507117	3.52672703
LAG3	0.089904003	0.029110775	0.038769651	0.055612757	0.058145205	0.06919502
KRT4	0.370179404	0.055083451	0.015928858	0.061044053	0.004208084	0.011097763
PAM	0.30039777	0.311470443	0.261695763	0.28720459	0.29253589	0.315426362
CDH2	1.00E-02	0.009218221	0.019099699	0.002324751	0.015328031	0.001299488
NCL	0.100512729	0.003754578	0.00714568	0.011302804	0.063443566	0.08778276
ORM2	0.402177662	0.313144858	0.366350107	0.44626784	0.495485944	0.428779147
ITIH2	4.762405226	4.024226283	5.205641736	5.385393656	4.360579328	5.783368396
ITIH1	1.627658803	1.607014955	2.251099596	1.334534771	1.325736351	1.652904715
TCN2	0.022596393	2.72E-06	2.72E-06	0.014504819	0.013504052	0.012745584
AZU1	0.585543741	0.720940215	0.397098565	0.824963896	0.787390863	0.80770217
OGN	0.235533116	0.148603832	0.207561133	0.131299721	0.115492109	0.15026392
C4BPB	0.077310316	0.097107225	0.094471688	0.108550005	0.097018749	0.093413738
FLG	0.384571352	0.19432611	0.105669835	0.03142517	0.033915546	0.021347887
CSRP1	0.153837001	0.548297479	0.415132676	0.374768277	0.009837467	0.178248771
FLNA	0.370933646	0.423180134	0.426523147	0.09638247	0.08421897	0.101673907
VDAC1	0.040237701	0.047407447	0.227489166	0.059766853	2.72E-06	2.72E-06
BGN	0.313031607	0.059228077	0.053440472	0.004491934	0.004307905	0.003724038
TNXB	0.017306678	0.017971358	0.011254898	0.017486163	0.016529236	0.013913354
GPX3	0.844252538	0.911054144	0.736670862	0.579781976	0.558000898	0.548174507
GAL	0.098262494	0.108013792	0.073884304	0.079217007	0.081893521	0.066475163
HNRNPA2B1	0.052109646	0.094290648	0.043975681	0.025911824	0.058814431	0.066992612
IGFBP4	1.15912142	0.975512592	0.818367768	2.819835908	1.900765607	2.51270056
TGM1	0.165609838	0.07886666	0.082658761	0.028744046	0.039250442	0.014549852
CPN2	0.361777727	0.352526458	0.52422792	0.168430394	0.152057555	0.199137088
PROZ	0.269239961	0.335007279	0.353657028	0.120639532	0.119089512	0.123187469
FBLN1	0.272581467	0.257471945	0.323685919	0.26290777	0.256090119	0.285928318
CA6	0.103623299	0.093471801	0.076971594	0.040751303	0.038247158	0.041924789
PPIB	0.215864607	0.160557124	0.203818821	0.63340058	0.544932565	0.615362683
WARS1	0.052541094	0.054262715	0.041286345	0.017666607	0.015106437	0.014642078
CFL1	0.264316238	0.246553442	0.269258404	0.244845462	0.229782655	0.28571423
BDNF	0.154112652	0.140023908	0.145795893	0.12419736	0.121454951	0.133207237
IGFBP6	0.082035419	0.089084464	0.091835326	0.338343482	0.383654357	0.40890279
IGFBP5	4.735951599	4.780520844	4.418524993	6.448400673	5.228920274	5.960260901
TNC	0.066075225	0.021434215	0.061654354	0.081368218	0.069428868	0.065310007
MYL9	0.076476262	0.083079806	0.092361083	0.025918004	0.023132718	0.024366791
AZGP1	0.229642538	0.220638115	0.194035336	0.067781288	0.078768771	0.046940907
ATP5F1A	0.308704122	0.353371251	0.327479499	0.160568054	0.136412682	0.161168133
CTSS	0.058221791	0.018663515	0.044120947	0.059107147	0.047694352	0.068895686
PSMA4	0.067760386	0.04219086	0.038991694	0.014009828	0.013446477	0.011771601
MSN	0.149706063	0.137915658	0.151071349	0.128371495	0.116923161	0.113516706
MGAT1	0.040557084	0.035149656	0.029299448	0.068941835	0.067681118	0.062536066
HMGB2	0.201721071	0.119419909	0.138948041	0.142117743	0.157540283	0.163735188
MST1	0.131458036	0.127257259	0.109612216	0.419361708	0.365764769	0.403577913
STOM	0.17971334	0.138986776	0.170211654	0.035842791	0.032969463	0.045917278
PON1	52.27666741	40.24919514	52.93946606	15.73496176	17.0934395	19.01801581
CFP	0.083811484	0.105385474	0.096552421	0.13029507	0.186041271	0.140020276
PSMB4	0.13403724	2.72E-06	2.72E-06	0.018089661	0.006622286	0.006391154
LOX	0.049354511	0.062783739	0.050538208	0.272330318	0.22571256	0.251587788
PCSK6	0.166938928	0.178332219	0.156928898	0.081211529	0.069501	0.070277463
CCN2	0.442530063	0.285097453	0.341470553	0.230385433	0.282214734	0.33266562
SERPINB3	0.492876749	0.383545309	0.418610489	0.045759429	0.076456084	0.053062971
SERPINA4	0.398786429	0.356831981	0.405560957	0.526951672	0.414288805	0.497664882
MARCKS	0.030703514	0.007399432	0.007732233	0.003947104	0.004254721	0.00111278
PRDX6	0.069981717	0.053558625	0.04958822	0.041041015	0.040950258	0.033413334
BLVRB	0.097923345	0.063939101	0.070639741	0.168073524	0.146279021	0.150387021
PDIA3	0.043789462	0.029235465	0.029289789	0.024904089	0.020870161	0.016129911
SRI	0.090076525	0.046364781	0.045432051	0.016135378	0.012421812	0.019173936
NTS	0.030513931	0.030779169	0.037392399	0.040225465	0.024954593	0.040918318
CORO1A	0.170615456	0.091622972	0.09225927	0.093954643	0.060401697	0.053715524
S100A7	0.542996746	0.067297411	0.077152971	0.045969807	0.061468849	0.060232595
HNRNPH3	0.015806521	0.005919831	0.004785688	0.005339442	0.003645045	0.003586664
HNRNPH1	0.045086093	0.030618744	0.006736008	0.026137222	0.018082267	0.004347579
CASP14	0.177496564	0.112159379	0.129623833	0.027801115	0.038343365	0.024237607
YWHAB	0.327748186	0.254584097	0.24263236	0.108432366	0.092824463	0.106860349
S100A11	0.014598456	0.009941129	0.01470962	2.72E-06	0.007528469	0.004833107
PRDX2	0.146192357	0.154334626	0.08208898	0.026831045	0.031940457	0.020021205
CDH5	0.906727967	0.857621107	1.022231929	0.443222301	0.418577375	0.450985231
MAN1A1	0.09607902	0.077877643	0.082507034	0.038033701	0.030766892	0.038719761
RNASE4	0.573930686	0.59606724	0.593697622	2.618125263	2.505649727	3.354463754
PRSS3	0.051505205	0.037509696	0.056906775	0.018049623	0.020650856	0.039093243
CTNNB1	0.861408454	0.641544083	0.450038711	0.168175961	0.196048832	0.125100428
PHB1	0.095523296	2.72E-06	0.017222411	0.011542936	0.019429284	0.009092397
THBS4	0.028833984	0.022513563	0.023869376	0.05824792	0.06286183	0.065794991
KRT9	32.98932572	27.47152688	28.97301869	10.62259825	17.50046126	8.853723207
SAA4	7.449540912	6.649398623	7.282748187	6.310058284	5.303468762	6.162462775
MYH9	0.211709865	0.218091127	0.233937849	0.087004556	0.079618429	0.088567286
TIMP3	0.273480687	0.285392109	0.254191486	0.233017602	0.189341631	0.227868218
FUS;TAF15	0.082627756	0.082072819	0.066294711	0.090997881	0.063576442	0.012731749
GLRX	0.120157894	0.103882096	0.086174733	0.026721184	0.033765123	0.024732635
IGFALS	0.918449908	0.857672238	0.896453178	1.216705223	1.082866881	1.286200154
KRT2	34.66763989	26.26858262	24.94527301	12.78809047	10.46221899	10.88747891
PPP1CC;PPP1CA;PPP1CB	0.050120816	0.033514096	0.032386358	0.010521734	0.008406544	0.008247985
SERPINF1	0.050610535	0.050684265	0.043619145	0.111712213	0.117654207	0.113824614
TAGLN2	0.154545072	0.154585801	0.15424813	0.082540741	0.062548354	0.067060775
SNCA	0.020173243	0.006531279	0.009023938	0.00534156	0.003528962	0.008266074
HSPA9	0.026979886	0.007033473	0.008432881	2.72E-06	0.044735321	2.72E-06
COL15A1	0.023186506	0.005322265	0.003811631	0.006817807	0.007596355	0.005678105
COL18A1	0.60305642	0.592412706	0.618920265	2.735145734	2.411043291	2.859104757
LEP	0.027018137	0.007340375	0.015705758	0.009739374	0.006392961	0.011255114
MNDA	0.225393152	0.161439647	0.183795114	0.198199858	0.168486848	0.198943128
PTGDS	0.071671627	0.095961733	0.063079984	0.13000863	0.135581231	0.147564937
AFM	0.104097119	0.08117664	0.09966509	0.092196843	0.06848231	0.075256617
LGALS7B	0.279352123	0.050070284	0.077931149	0.039308213	0.027258287	0.054034946
CXCL12	0.994139401	0.193311039	0.162860735	0.873148074	0.559351893	0.618668167
SERPINB4	0.122406295	0.070543736	0.094037886	2.72E-06	0.018622601	0.01488153
CCT5	0.025471556	0.012434285	0.010534503	0.0110897	0.000528026	2.72E-06
IDH2	0.043391702	0.030228643	0.035305925	2.72E-06	2.72E-06	2.72E-06
MASP1	0.923047507	0.93790357	0.901410859	0.412623984	0.317769667	0.388925692
COMP	0.047285617	0.028699379	0.002003496	0.018630503	0.009348108	0.009175549
TMED10	0.015635402	0.011115336	0.001485998	2.72E-06	0.008012945	0.002250692
KLK7	0.077749895	0.037429516	0.025980536	0.036846235	0.028345971	0.037681794
SELENOP	5.721226655	5.204290505	5.734646996	15.95594158	14.63342713	17.1944249
CAMP	0.721102146	0.741612273	0.39797146	0.686954757	0.533931184	0.951496121
CRIP1	0.770538024	0.08626429	0.134594666	0.069819555	0.893938691	0.950801775
MMP14	0.785918898	0.994649543	0.883631961	0.804990672	0.759181506	0.867096534
SERPINB8	0.05740417	0.026214916	0.031260299	2.72E-06	0.007864857	0.011655183
ST13;ST13P4;ST13P5	0.065096049	0.065587533	0.049047876	0.047059081	0.038712331	0.040975162
VASP	0.011950241	0.002931475	0.00216493	0.002606789	0.002944262	0.004780216
RAB5C	0.021205036	0.000997659	0.001311454	0.001796564	0.001664157	2.72E-06
RAB7A	0.186138988	0.154251603	0.148351955	0.122815555	0.097462875	0.120163348
MMP15	0.225880025	0.106049224	0.115262015	0.084312114	0.145355255	0.152407944
LUM	1.059620817	0.891006121	1.281521239	0.41738886	0.364662596	0.507999187
PRELP	0.125541775	0.100562432	0.090556376	0.138914728	0.105061842	0.123018728
HNRNPA3	0.070105586	0.028702537	0.044562576	0.0836618	0.064213199	0.073387335
HNRNPM	0.091732585	0.017382207	0.036930976	0.028079926	0.02777783	0.02604311
CRIP2	0.116968017	0.13057625	0.122950054	0.098437495	0.092125702	0.102242716
SUB1	0.184770268	0.158985274	0.164548087	0.249248257	0.156035934	0.201209098
APOC4	28.5638033	29.54004196	28.03131238	29.73742565	24.45756721	30.49036282
PLTP	0.711154142	0.621874466	0.714344513	0.56579169	0.534471872	0.516717424
VCP	0.056447361	0.024757477	0.036323069	0.011498703	0.009793147	2.72E-06
INHBC	0.084957443	0.074355505	0.123098791	0.210740107	0.205044298	0.230063054
CDH13	0.049373285	0.046865475	0.046342526	0.026531603	0.028958808	0.023934946
CCL23	0.059457862	0.065832072	0.01657829	0.075035486	0.038139185	0.056111231
CCL18	1.421370241	0.808546373	0.883585304	5.206783705	4.819835849	5.341246571
EPPK1	0.063952794	0.03797308	0.011615567	0.018264841	0.03640651	0.041560281
INHBE	0.090867652	0.069601553	0.082483158	0.074223002	0.067982533	0.071826736
ANTXR2	0.066194594	0.056942523	0.06840537	0.071017485	0.065512793	0.062526356
TPI1	0.112486397	0.062855753	0.043624831	0.022073133	0.015171993	0.015731171
MYL6	0.310884676	0.290170617	0.316000472	0.12313987	0.091995375	0.119204251
ACTB	3.290196712	3.288136959	3.596326888	0.938335324	0.884735969	0.98295975
CDC42	0.044885806	0.038776031	0.030177047	0.018847988	0.019554939	0.017002342
DSTN	0.056469696	2.72E-06	0.02029509	0.043684513	0.038142557	0.037414314
KRTDAP	0.109569333	0.102973628	0.085724411	0.117108	0.100619106	0.153777418
ARF3;ARF1	0.156116299	0.151948324	0.176418603	0.111470837	0.091503019	0.098432733
RAP1B	0.629465646	0.497960395	0.445589249	0.251408872	0.261946252	0.294069433
RAP2B	0.048887573	0.026592237	0.017964602	0.008430972	0.00676609	0.00680064
RPS3A	0.020372006	2.72E-06	0.007386127	0.009604028	0.00315404	2.72E-06
LYZ	0.569020873	0.68940404	0.582853486	6.015758576	5.468379863	5.512654668
B2M	0.136827961	0.061395883	0.070911294	0.063473846	0.032515426	0.035880154
HNRNPK	0.037788746	0.034575548	0.02522178	0.038473129	0.021929043	0.02092688
YWHAE	0.066667257	0.008464919	0.028973188	0.004856156	0.010285554	0.013679342
TMSB4X	0.054702797	0.001262741	0.001825087	2.72E-06	0.021423866	0.000704578
ACTA2;ACTG2	0.327118048	0.353949167	0.395946447	0.112172187	0.100217632	0.080310349
H4C16	0.331644089	0.328560453	0.324405329	0.237400002	0.163675788	0.232728749
RAB1A;RAB1C;RAB1B	0.223555984	0.123327038	0.081812127	0.051488971	0.038965189	0.03426979
RAN	0.392438328	0.432452413	0.469524943	0.350388335	0.357814881	0.344396791
RAP1A	0.111060056	0.089376347	0.110061528	0.047075938	0.008178455	0.040846755
RPS28	0.023843054	0.010307837	0.010680879	0.029254182	0.013046176	0.015820864
GNB1	0.17977003	0.059048141	0.08499159	0.126363129	0.025896771	0.032492666
PPIA	0.187314936	0.209856642	0.217589845	0.087959593	0.08387477	0.085916939
YWHAZ	0.284397002	0.229262183	0.235966814	0.085103226	0.054662629	0.085135793
EIF5A	0.058632218	0.032536084	0.035866368	0.006953743	0.008038037	0.011189794
ACTG1	0.562044882	0.307314732	0.20590035	0.111052193	0.094630921	0.083570805
TPM4	0.114636874	0.090908074	0.152733067	0.03818744	0.033570774	0.034503787
EEF1A1;EEF1A1P5	0.6576655	0.548507603	0.564038477	0.463673797	0.395652439	0.459384664
TUBA1B	0.249254669	0.197549501	0.215486007	0.082096111	0.068210075	0.083740303
H3C12;H3-3B;H3-4;H3-7;H3-5;H3C13	0.688450316	0.453983457	0.484855893	0.381727839	0.276597543	0.446301706
HBB	9.128990582	10.29412773	9.648212437	3.219076478	2.993948223	3.343696876
HBA2	1.123189306	1.288630995	1.349305874	0.479132544	0.408550102	0.534722879
CCT2	0.013360711	2.72E-06	0.001786666	0.000122781	0.000180646	0.00083933
SRPX	0.185528766	0.17920427	0.175811875	0.173246337	0.121784152	0.141001179
GPLD1	2.035997522	1.954122744	2.19506756	0.983256381	0.846157809	1.027647727
LCN2	0.049522584	0.051497779	0.035251629	0.026477968	0.014092994	0.01508938
BASP1	0.048740895	0.008801049	0.009003202	0.006794763	0.00140799	0.002784472
IGLV3-21	0.246267862	0.20722102	0.177451369	0.087458542	0.180275357	0.086567428
DCD	1.725195776	1.171719944	1.407981752	0.802043139	0.441218038	0.384011241
MRPS34	0.234381063	0.11924007	0.212975	0.414952924	0.25004017	0.363944507
SRSF3;SRSF7	0.055135747	0.040598718	0.038233528	0.030042461	0.027764317	0.026786627
TNFAIP6	0.402325828	0.431725031	0.455504653	0.267508482	0.267428917	0.290070482
FBLN2	0.013287683	0.007043862	2.72E-06	0.011174806	0.003231937	0.024329705
HSPG2	0.115791635	0.377571208	0.266089623	0.242297892	0.000627906	0.01268277
FABP5	1.075337672	0.859437349	1.069424871	0.154188662	0.343358683	0.259590313
CAP1	0.113637961	0.069367991	0.066121111	0.023705845	0.021761031	0.020438379
KRT76	0.059866488	0.029219318	0.037594707	0.005622631	0.00638088	0.000395332
TAGLN	0.019510522	2.72E-06	2.72E-06	0.006066831	0.008562333	0.009083692
DSG1	1.013278625	0.715100192	0.584024386	0.229587968	0.294517004	0.186906606
NUCB1	0.038648896	0.015450623	0.011685135	0.005353191	0.005432315	0.007659517
CFHR3	0.266440986	0.558491769	0.554724818	0.590503231	0.870071222	0.750978746
TGFBR3	1.00E-02	2.72E-06	2.72E-06	2.72E-06	2.72E-06	2.72E-06
CFHR1	4.823519858	4.985773379	4.421133055	25.0009466	23.19551479	27.5953267
KRT17	0.225829654	0.294149647	0.334743434	0.067490346	0.337858781	0.050972359
HGFAC	0.388783042	0.31617679	0.389584918	11.07612666	10.12855985	11.71699104
ITIH3	0.290886083	0.274569313	0.356752041	0.114312335	0.110374585	0.148512602
PSME1	0.046853752	0.044930518	0.0394221	0.015413704	0.014319185	0.01885808
PRDX1	1.245023486	1.171754581	0.980035677	0.290548593	0.372865149	0.246652165
TGM3	0.299242383	0.134934641	0.187732576	0.050337757	0.08061892	0.050028313
LGALS3BP	0.141358184	0.225787715	0.12791669	0.122900098	0.100786247	0.114314577
LOXL1	0.261898769	0.281018678	0.271288921	0.173428132	0.156300117	0.160061962
MFGE8	0.192002906	0.207233912	0.192955521	0.107812843	0.077855836	0.111530414
DSC1	0.403065441	0.289475528	0.236718136	0.132678754	0.14880574	0.109461758
FGL1	2.808597963	2.841760025	2.674574537	0.5129063	0.456948435	0.508878111
SYCN	0.129544906	0.145406028	0.11906982	0.14963808	0.10120128	0.132353002
HYAL1	0.10601432	0.067932216	0.077476275	0.027903103	0.034075424	0.036997208
EFEMP1	0.053891325	0.060077915	0.083591104	0.054179364	0.04024926	0.058318142
LMAN2	0.248897778	0.267795018	0.287930637	0.248384618	0.253586736	0.247830725
SPP2	17.34957602	17.59731514	15.59974946	11.03410802	8.57662365	9.425304489
HNRNPA0	0.017812157	0.027538022	0.029736714	0.0036587	0.004837886	0.009093221
MMRN1	2.401092452	2.127206389	2.108979917	1.621141576	1.28562701	1.507646966
SEMA3B	0.429227637	0.139475734	0.373692591	0.405952053	0.259318159	0.347166843
DNAJC3	0.078043615	0.07005474	0.076739475	0.147480499	0.145620367	0.156237999
ILK	0.187695503	0.151043805	0.125877835	0.086516403	0.052738047	0.090198678
MSLN	0.132643786	0.051448715	0.060589378	0.076000435	0.115197918	0.130314572
PIN1	0.055222008	0.034372024	0.018104234	0.039166434	0.035351959	0.048719588
DNASE1L3	0.108892371	0.118219107	0.138728085	0.116272953	0.062058972	0.074428878
APOF	0.495355662	0.486389036	0.453482572	0.430362779	0.283031375	0.393551468
ENPP2	0.61890497	0.562026982	0.641847978	0.905833859	0.766758383	0.826857018
PKP1	0.140814003	0.072830669	0.055354445	0.023770714	0.034698969	0.016885205
BLMH	0.478969869	0.081626496	0.10826311	0.081656024	0.10365385	0.066169099
HNRNPD	0.06771463	0.070187153	0.06554272	0.098087574	0.070833883	0.081304916
DSG2	0.078022386	0.04345318	0.04695276	0.02928419	0.024307774	0.019435402
EBI3	0.119704756	0.136653417	0.081598635	0.082688242	0.065448567	0.070480453
FGL2	0.068478733	0.019251593	0.008943177	0.028963951	0.009080935	0.011345025
GAS6	0.108652923	0.071605202	0.081015284	0.174199198	0.058961113	0.201637128
SPARCL1	0.253145266	0.275204112	0.229575242	0.20105045	0.129456424	0.108437617
HABP2	6.67535247	7.375286365	6.520649397	7.368715321	6.275923274	8.086700194
DSC3	0.114781051	0.078910727	0.102796976	0.492401242	0.466765741	0.55447475
ITIH4	1.509410598	1.999821692	2.220775772	8.328266711	7.558487416	8.765703762
GANAB	0.101496276	0.056309264	0.089338287	0.01787444	0.01361078	0.017079924
LTBP1	0.345636936	0.367252997	0.394881185	0.577372852	0.524228205	0.57036183
LTBP2	0.632026435	0.417486646	0.390223421	0.952547416	0.613191768	0.601233777
LASP1	0.16361486	0.09459711	0.108694522	0.155019088	0.117211152	0.133224256
KRT72	0.42340451	0.595431876	0.480844578	0.162091777	0.122838844	0.06997729
POSTN	0.157332505	0.142115652	0.12844333	0.213903729	0.180283456	0.17904718
PDIA6	0.052975611	0.050266274	0.040616634	0.038000785	2.72E-06	0.033815818
PCOLCE	17.15825881	15.49997352	15.33245571	33.90751062	29.40317691	32.37224668
PON3	0.878165676	0.83328171	1.069447988	0.463833561	0.440061159	0.505444982
RCN1	0.086555168	0.150360761	0.110545143	0.026623207	0.044104359	0.038062946
KRT31	0.471793793	0.036995137	0.040405523	0.021856312	0.053073905	0.031759456
PCBP1	0.02660305	0.020180383	0.013403962	0.009425895	0.004749101	0.005874758
FCN2	28.45639578	31.93967458	37.70369087	21.41635944	19.13552032	23.61442975
CDSN	1.627967885	0.625867516	0.376591179	0.138387325	0.415308259	0.242762865
TGFBI	1.077290248	1.01856574	0.954676078	1.657249386	1.311358052	1.452184945
CST6	0.101477078	0.087208692	0.079006928	0.008977753	0.005712862	0.009071105
ADIPOQ	1.00E-02	0.006293866	2.72E-06	0.007734379	0.005345689	0.001658549
ZYX	0.020747456	2.72E-06	0.00123498	0.004885304	0.001141754	0.000522999
IGFBP7	0.145432182	0.161605118	0.177218527	0.258156237	0.398492452	0.446539506
PRR4	0.025700973	0.002233139	0.001636842	0.021111518	0.003067169	0.002686627
SYPL1	0.075863479	0.059222315	0.054042712	0.015125011	0.014797158	0.013478249
ECM1	0.05484252	0.059260023	0.054929582	0.076601905	0.070631558	0.085356371
CCL14	0.176359305	0.183778959	0.197104662	0.802576022	0.589273186	0.687878992
QPCT	0.025796049	0.048056619	0.024709522	2.72E-06	2.72E-06	2.72E-06
SVEP1	0.039036567	0.025436557	0.034775435	0.019295761	0.016773885	0.016298034
PLA1A	0.379058632	0.292352612	0.235909023	0.347298447	0.270875353	0.292245042
ASPRV1	0.109227393	0.070590316	0.078775526	0.011034945	0.017602217	0.011523188
FLG2	0.506888794	0.195341398	0.131125352	0.071900765	0.079724877	0.051297395
FRMPD1	0.183256276	0.03565173	0.229341445	0.060463208	0.187122016	0.061610313
XP32	1.445152535	1.318318592	1.169387732	0.429635379	0.816339309	0.358866485
METRNL	0.206687574	0.073116952	0.071388147	0.266004265	0.170561365	0.207452179
EEF1DP3	0.940133192	0.37308894	0.778879947	0.668012608	0.371678743	0.431613624
C18orf63	0.064298078	0.065575054	0.068663739	0.069850347	0.083230572	0.072221869
DMKN	0.066517848	0.040114497	0.031873258	0.034087191	0.02383012	0.034545014
KRT80	0.176244745	0.078018036	0.081261409	0.024240686	0.048497222	0.02432762
PSAPL1	0.036572731	0.014348103	0.015499377	0.031810675	0.021079066	0.045227786
NOTUM	0.440691237	0.508073648	0.523827464	0.317443162	0.307851743	0.334049588
APOA5	5.205026152	5.631305824	5.231804966	3.02343029	2.526574893	3.23133216
FAM180A	0.046114456	0.024583292	0.02585871	0.022021271	0.01132391	0.021337316
SBSN	0.273991603	0.066263106	0.052122487	0.048790688	0.031695918	0.020192737
OLFML1	0.014391899	0.003549409	0.003283335	0.005434919	0.011346907	0.015273717
ANGPTL8	0.246790182	0.202033528	0.218584165	0.173663154	0.155599	0.172915296
VIT	0.036603069	0.048617722	0.054160073	0.042231368	0.03604181	0.025757899
NPNT	0.974788449	0.964406362	1.076355427	0.849803717	0.789451641	0.967984849
ADAMTSL4	0.18858588	0.198616854	0.187245689	0.303495319	0.271884219	0.273839324
BNC2	46.52066188	22.97932651	24.67282704	19.79106891	9.18728536	10.87251613
NCCRP1	0.133159078	0.079270354	0.040616063	0.020920136	0.051268153	0.027214152
ADAMTS13	0.040353291	0.041529763	0.042660023	0.022484323	0.025984678	0.026569766
CCDC80	0.193692608	0.117543409	0.213127231	0.337257257	0.216741957	0.233948006
KRT77	0.437304868	0.277346001	0.290165779	0.066646959	0.173258706	0.0650403
ABI3BP	1.00E-02	2.72E-06	0.039465031	0.03798259	0.026599189	0.039376064
SERPINA11	0.027553374	0.014034161	0.01239293	0.034163268	0.018750702	0.020118411
OAF	0.15496969	0.138094422	0.140441198	0.193759703	0.164044971	0.187272833
FERMT3	0.242963867	0.21847498	0.194458462	0.135786496	0.110300035	0.12084885
LSR	0.128951367	0.126989298	0.11874838	0.095965772	0.108016922	0.121853498
HRNR	0.086607308	0.028329983	0.022933232	0.023269399	0.011952021	0.006559567
CILP2	0.037379585	2.72E-06	0.036088713	0.068308715	0.059248801	0.060017343
AEBP1	0.13352496	0.119356787	0.123511432	0.027583039	0.020530378	0.029173437
FAM20C	0.024314779	0.003746867	0.007607854	0.01128535	0.009248517	0.012449315
KIAA0319L	0.145782653	0.045056892	0.057621526	0.135505727	0.068610061	0.105562735
KRT78	0.592519069	0.441698605	0.432350537	0.17879505	0.208968869	0.146836344
GALNT16	0.04973867	0.025330437	0.033033814	0.049741742	0.044363661	0.063846607
LINC02694	0.1201127	0.061899686	0.026498581	0.064039716	0.038098345	0.025623577
SUMF2	0.104137863	0.090057839	0.064266463	0.04410305	0.031641334	0.035480937
PCSK9	0.232289275	0.206605428	0.179264808	0.195401302	0.159821867	0.176721492
CHST14	0.058018399	0.03526842	0.032570991	0.0668569	0.054134321	0.061322187
DIPK2A	0.045229538	0.027207078	0.020111718	0.021411287	0.032450152	0.037227304
LFNG	0.266102592	0.104455574	0.147936477	0.219820065	0.160876048	0.18634686
SDR9C7	0.062859191	0.043924955	0.027436902	0.012126617	0.01511108	0.009182896
ANGPTL6	0.949961587	0.994935843	0.96578431	0.209691306	0.197046984	0.242936614
NDNF	0.031669385	0.020607901	0.024464713	0.01268701	0.017387762	0.018888363
BPIFB1	0.138593699	0.115716794	0.15790741	0.089078713	0.090667952	0.083098755
SNED1	0.08550226	0.069339783	0.066309977	0.123276053	0.098087267	0.119999541
TSKU	0.575846451	0.423647302	0.445137291	0.328499891	0.271207366	0.263781627
CEMIP	0.110859852	0.107972004	0.096644291	0.090009328	0.075569147	0.093635366
POF1B	0.125515023	0.043274983	0.036450086	0.008426277	0.020721244	0.014875711
ITLN1	0.571901798	0.678980311	0.628609181	0.116768873	0.092898494	0.102002872
ITLN2	0.701510503	0.707593935	0.679919926	0.101096968	0.089171126	0.089391825
OIT3	0.031856378	0.024230813	0.021533619	0.029167943	0.02074025	0.028996887
PXDN	0.05095792	0.03711691	0.053951835	0.065247236	0.04819567	0.062457391
NRGN	0.040927026	0.006001094	0.004338122	0.103335678	0.006146599	0.006420109
HTRA1	0.147910662	0.122142687	0.132955714	0.288083621	0.244614779	0.300040026
FRZB	0.205146535	0.133788085	0.207606983	0.206816426	0.189296773	0.259906267
GGH	0.083005987	0.029191267	0.045169262	0.008228129	0.010095123	0.009199504
OSTF1	0.011574686	0.001286144	0.000960213	0.001894327	0.000544172	0.001216151
PRG4	0.722804009	0.727859678	0.69598435	2.234099458	1.800926493	2.017865954
ATP2A3	0.06697877	0.014591404	0.013062023	0.004231623	0.010649905	0.00916126
PBXIP1	0.084732224	0.080985951	0.062325002	0.070486072	0.052672297	0.04739275
ZG16B	0.059493853	0.020589746	0.029859033	0.006571715	2.72E-06	0.002886346
CCDC126	0.214636076	0.050909732	0.024342691	0.051459395	0.064179126	0.07901521
PIK3IP1	0.030276876	0.01906853	2.72E-06	0.04334813	0.043825495	0.044750017
S100A16	0.063926894	0.022843633	0.01511772	0.003138897	0.0100897	0.005665747
CHMP6	0.088633318	0.041075499	0.045399618	0.067627037	0.042651229	0.072626554
SFRP2	0.110496291	0.013901771	0.025478572	0.058623724	0.03411752	0.043276231
CPB2	0.326380535	0.269000702	0.359636989	0.618720921	0.509157707	0.69190794
CNDP1	0.502741919	0.443643934	0.608295479	0.271195806	0.241985047	0.283295226
PRAP1	0.031745875	0.012327465	0.014356051	0.041920904	0.028930187	0.027427452
SERPINB12	0.718270672	0.707433076	0.548505982	0.175467264	0.240332953	0.14637374
PGLYRP2	0.886481755	0.912065656	0.830640483	0.803870011	0.612932674	0.814660214
GSDMA	0.166327122	0.086000246	0.048884633	0.045008278	0.058998246	0.031026032
PEBP4	0.018655939	0.013736433	0.019239514	0.016380187	0.020916865	0.024068757
KRT12	0.053843312	0.015003032	0.372266307	2.72E-06	2.72E-06	0.12071316
MMP19	0.22760009	0.239670916	0.21402558	0.154586164	0.143515819	0.149864194
RARRES2	2.122057814	1.963924652	1.977118774	3.344264726	3.031919015	4.001197695
MYOC	0.094559251	0.086797738	0.082046779	0.084807042	0.045856698	0.098758898
GDF15	0.120764578	0.122160711	0.108323333	0.126400251	0.112169336	0.119041926
SOST	0.020172541	0.005907596	0.003802027	0.017384512	0.006213492	0.006843837
SDF4	0.01669513	0.011299227	0.015594956	0.00332472	0.007564157	0.005607852
CHRDL1	0.108144504	0.103773789	0.091556252	0.120395074	0.099616574	0.121032753
SPON2	0.756645145	0.811955407	0.804925726	0.462226208	0.351954699	0.46602397
MENT	0.111257884	0.068037424	0.161163971	0.080383748	0.087362557	0.097257634
COLEC11	2.186056761	2.63253766	2.264208407	0.893745674	0.755663349	0.808871789
CHID1	1.00E-02	0.002851958	0.001625024	0.01909513	0.016575216	0.029990165
C1QTNF3	0.28397196	0.040147764	0.046200938	0.067002836	0.036734608	0.055670088
ASPN	0.597503352	0.66681122	0.567047887	0.490980942	0.434913281	0.465475445
CFHR5	0.258836607	0.578565749	0.244073729	0.513882352	0.481301382	0.512802409
ANGPTL4	0.170740094	0.173085825	0.193718274	0.156113683	0.139568417	0.179558184
REG4	0.055736075	0.057284728	0.051995603	0.189781317	0.150026652	0.174517472
KRT23	0.048386829	0.013942968	0.029185776	0.011733459	0.011149601	0.017713081
TINAGL1	0.323219013	0.374943682	0.352707581	0.281450702	0.260451183	0.309860103
PDGFD	0.033651495	0.00703504	0.007701064	0.013603576	0.007283806	0.009607328
CRISPLD2	0.083013789	0.060622237	0.098519431	0.047553068	0.049575498	0.070192307
CXCL16	0.024835393	0.021349622	0.017688964	0.029204316	0.02207851	0.03001694
CLEC4M;CD209	0.033125642	0.016078245	0.018269241	0.010178138	0.008707485	0.00825324
TUBB1	0.023136072	0.017921436	0.020052699	0.003231635	0.004045624	0.007112012
EHD1	0.080611668	0.054039721	0.072427011	0.016425199	0.024658484	0.022745156
ANTXR1	0.036538461	0.024001843	0.033944053	0.064476051	0.051458523	0.061935871
MMRN2	0.162733861	0.129675703	0.144963579	0.057675247	0.053884287	0.067161639
SPON1	0.308850519	0.342192664	0.319506055	0.324834265	0.277114754	0.308837248
CELSR2	0.029709018	2.72E-06	2.72E-06	0.102646177	0.083585203	0.06398621
S100A14	0.123655	0.075013022	0.058532341	0.020041289	0.051445205	0.027922796
RETN	0.129613627	0.151765957	0.119292643	0.122887518	0.121548865	0.148031531
APMAP	1.624956665	1.275402257	1.631897771	1.099836733	1.048376369	1.223294914
BPIFA1	0.036394251	0.024636051	0.015459201	0.005856399	0.005863941	0.005188096
MMP25	0.096900629	0.109165405	0.095409428	0.091940973	0.090484779	0.073691653
IL1RAP	0.077536678	0.088618115	0.083163739	0.016146544	0.05160067	0.051567257
SPINK5	0.043146045	0.027772787	0.036171039	0.083550277	0.087091181	0.079113094
MEPE	0.018215053	0.018134257	0.004736667	0.036125498	0.032350625	0.032526613
CRTAC1	0.326056899	0.295955819	0.312825402	0.113015447	0.101040433	0.111440559
CHST12	0.026888807	0.003372096	0.004811038	0.01485664	0.010027647	0.013710006
DUOX2	0.350528619	0.239954004	0.398811635	0.352224007	2.72E-06	0.398767493
OLFML3	0.104181058	0.079810671	0.086400765	0.238644671	0.234282641	0.230391726
CYTL1	1.00E-02	2.72E-06	2.72E-06	0.054003422	0.013766909	0.013753877
GKN1	1.00E-02	2.72E-06	2.72E-06	2.72E-06	0.013633634	2.72E-06
KRT84	0.056666164	0.000772374	0.01342206	0.012140944	0.01016539	0.02240715
AHSP	1.00E-02	0.003168333	2.72E-06	0.001307389	2.72E-06	0.003253661
ADA2	0.049520847	0.03339837	0.051521527	0.055223876	0.060382246	0.068944265
C1RL	0.029131477	0.001426376	0.013431661	0.01093021	0.013471678	0.012824156
CALML5	1.474344707	1.457602182	1.52775443	0.184827833	0.193722942	0.184341538
KLK14	0.032539378	0.030253107	0.026969706	0.025806263	0.022353344	0.017569293
SAE1	0.072441221	0.047075502	0.04984686	0.153955609	0.149503768	0.16195042
DKK3	1.00E-02	2.72E-06	2.72E-06	2.72E-06	0.031462809	2.72E-06
DNAJB11	0.229710007	0.062432511	0.073728853	0.021001683	0.101629674	0.129531708
GHRL	0.021838405	0.013989236	0.012851638	0.010235394	0.007025144	0.007834555
PEF1	0.091714309	0.056904543	0.07062088	0.058125822	0.046246792	0.051063093
FBLN5	0.041905555	0.044679229	0.037087787	0.018051862	0.017958243	0.033821217
DMBT1	0.030001539	0.0150784	0.051009644	2.72E-06	2.72E-06	2.72E-06
FETUB	0.046339768	0.054307666	0.054272749	0.053466811	0.049941324	0.056284235
TAC3	0.132140074	0.117204741	0.101411751	0.094488646	0.069728101	0.08134528
PCSK1N	0.011663452	2.72E-06	2.72E-06	2.72E-06	0.000361509	0.000572739
PCYOX1	0.099802548	0.064102336	0.090106957	0.048390141	0.046666556	0.052651394
GNPTG	0.088311957	0.074588894	0.07816773	0.058462333	0.053630227	0.048891525
SERPINA10	0.342520773	0.353272352	0.403225361	0.770071189	0.742187183	0.845879367
PCOLCE2	0.571751827	0.496919195	0.605564314	0.663050769	0.550061063	0.637310936
ADAMTS5	0.19862278	0.046637794	0.026361118	0.119810179	0.052745602	0.050396486
MINPP1	0.228386666	0.222110394	0.202844239	0.298546378	0.214612751	0.233354989
CLEC11A	0.043500546	0.013989148	0.016566482	0.018762106	0.017356073	0.014798394
HPSE	0.042528024	0.038830257	0.028459878	0.033098408	0.027972272	0.027512888
CARHSP1	0.013244204	0.005256228	0.007628874	0.014701625	0.013806049	0.015687742
TLN1	0.138276824	0.123857958	0.117314936	0.044221935	0.03798873	0.044070422
FARP1	0.033049855	0.016836806	2.72E-06	0.015764369	0.007786381	0.012591021
HYOU1	0.097473652	0.076269273	0.054755706	0.080570181	0.068845796	0.070762199
ANGPTL3	0.819859451	0.837464831	0.908779604	0.54863664	0.4747294	0.488437563
LIPG	0.162859227	0.153230705	0.161386285	0.084070873	0.082869528	0.090625087
EMILIN1	0.098871666	0.101530691	0.069311362	0.098907571	0.080238575	0.097283211
COLEC10	1.854490425	2.131585961	2.25725635	0.643079197	0.65806501	0.743609918
